296.839
74.210
32.982
18.552
11.874
8.246
6.058
18.552
3.665
14.842
12.266
6.184
8.782
9.087
10.554
13.914
5.136
9.162
8.223
17.810
12.116
11.653
16.834
10.307
10.449
14.491
9.772
16.659
8.118
17.810
8.340
15.364
12.811
14.123
12.358
15.575
12.142
21.996
24.395
17.625
27.194
25.746
23.278
19.166
18.617
17.816
23.247
7.086
17.679
13.298
19.744
9.112
9.722
10.994
13.640
26.977
26.495
22.325
20.551
16.244
12.046
9.112
15.706
10.581
17.916
29.779
10.448
18.552
16.585
16.478
24.496
14.601
12.087
22.875
11.029
9.970
22.930
16.540
11.986
14.285
18.188
17.173
14.176
17.459
11.422
16.977
14.040
14.183
14.503
17.810
18.317
17.395
14.998
17.100
11.610
12.078
11.704
14.836
15.537
11.903
