0    -0.096918
0    -0.136950
0    -0.167295
0    -0.226308
0    -0.235327
0    -0.267489
0    -0.267695
0    -0.265008
0    -0.268409
0    -0.271469
0    -0.281931
0    -0.298535
0    -0.316517
0    -0.339017
0    -0.332475
0    -0.325475
0    -0.337129
0    -0.340884
0    -0.330792
0    -0.340368
0    -0.327921
0    -0.334647
0    -0.336193
0    -0.340226
0    -0.340687
0    -0.347292
0    -0.353618
0    -0.336439
0    -0.337483
0    -0.336408
0    -0.350234
0    -0.341571
0    -0.343522
0    -0.328566
0    -0.348907
0    -0.342480
0    -0.341317
0    -0.343625
0    -0.355939
0    -0.368043
0    -0.355114
0    -0.361227
0    -0.342682
0    -0.356601
0    -0.360686
0    -0.357512
0    -0.365785
0    -0.370225
0    -0.365159
0    -0.381999
0    -0.363140
0    -0.372665
0    -0.350043
0    -0.383689
0    -0.371867
0    -0.366026
0    -0.364267
0    -0.368252
0    -0.365828
0    -0.377649
0    -0.372709
0    -0.387895
0    -0.359969
0    -0.357364
0    -0.352993
0    -0.359176
0    -0.371648
0    -0.359706
0    -0.376572
0    -0.378203
0    -0.372111
0    -0.374660
0    -0.360651
0    -0.364210
0    -0.362648
0    -0.372668
0    -0.379408
0    -0.384022
0    -0.390604
0    -0.375329
0    -0.357120
0    -0.370771
0    -0.363919
0    -0.392855
0    -0.388934
0    -0.387921
0    -0.392110
0    -0.379884
0    -0.387102
0    -0.393859
0    -0.408185
0    -0.394428
0    -0.392088
0    -0.388954
0    -0.374198
0    -0.361565
0    -0.360527
0    -0.392622
0    -0.385553
0    -0.372503
0    -0.378951
0    -0.366065
0    -0.373538
0    -0.373030
0    -0.394216
0    -0.398268
0    -0.394878
0    -0.404548
0    -0.401462
0    -0.396736
0    -0.393877
0    -0.386054
0    -0.390051
0    -0.394075
0    -0.397372
0    -0.395308
0    -0.388641
0    -0.403727
0    -0.392044
0    -0.393679
0    -0.383378
0    -0.389829
0    -0.380264
0    -0.375968
0    -0.389380
0    -0.390240
0    -0.389448
0    -0.398174
0    -0.385126
0    -0.379969
0    -0.375698
0    -0.384811
0    -0.382613
0    -0.388868
0    -0.404128
0    -0.392670
0    -0.402796
0    -0.388549
0    -0.379705
0    -0.403364
0    -0.403459
0    -0.394527
0    -0.394402
0    -0.404128
0    -0.405600
0    -0.403115
0    -0.390127
0    -0.406941
0    -0.399265
0    -0.395022
0    -0.404272
0    -0.380301
0    -0.390144
0    -0.392615
0    -0.407542
0    -0.415927
0    -0.401251
0    -0.382257
0    -0.392659
0    -0.399498
0    -0.411959
0    -0.419263
0    -0.410734
0    -0.400662
0    -0.416389
0    -0.421771
0    -0.426179
0    -0.408790
0    -0.419084
0    -0.431230
0    -0.425559
0    -0.406333
0    -0.406217
0    -0.406596
0    -0.427129
0    -0.420472
0    -0.421514
0    -0.435070
0    -0.432183
0    -0.427305
0    -0.431269
0    -0.424438
0    -0.418531
0    -0.431547
0    -0.429361
0    -0.432828
0    -0.430268
0    -0.422164
0    -0.424408
0    -0.408089
0    -0.402576
0    -0.426710
0    -0.427573
0    -0.434808
0    -0.424383
0    -0.414524
0    -0.428247
0    -0.424368
0    -0.417465
0    -0.426014
0    -0.436312
0    -0.437321
0    -0.433695
0    -0.436228
0    -0.433040
0    -0.430671
0    -0.425524
0    -0.439220
0    -0.436305
0    -0.427452
0    -0.422688
0    -0.434281
0    -0.439249
0    -0.444538
0    -0.440386
0    -0.435622
0    -0.441126
0    -0.454108
0    -0.443203
0    -0.434693
0    -0.429689
0    -0.434869
0    -0.448508
0    -0.447674
0    -0.444487
0    -0.446643
0    -0.438325
0    -0.437324
0    -0.417742
0    -0.433323
0    -0.427891
0    -0.440412
0    -0.437579
0    -0.449114
0    -0.439505
0    -0.445016
0    -0.449182
0    -0.447335
0    -0.448614
0    -0.449887
0    -0.450587
0    -0.424273
0    -0.455049
0    -0.449072
0    -0.453371
0    -0.448442
0    -0.440872
0    -0.424896
0    -0.437147
0    -0.461829
0    -0.443713
0    -0.453485
0    -0.464444
0    -0.453506
0    -0.458866
0    -0.451346
0    -0.453580
0    -0.449272
0    -0.450677
0    -0.451031
0    -0.445997
0    -0.445088
0    -0.467390
0    -0.469518
0    -0.467377
0    -0.454530
0    -0.445205
0    -0.437026
0    -0.449976
0    -0.455285
0    -0.448724
0    -0.443047
0    -0.450934
0    -0.451552
0    -0.448698
0    -0.445960
0    -0.427283
0    -0.433519
0    -0.417650
0    -0.429040
0    -0.443889
0    -0.442175
0    -0.449541
0    -0.453029
0    -0.447108
0    -0.449860
0    -0.437638
0    -0.436444
0    -0.441931
0    -0.443521
0    -0.445627
0    -0.472605
0    -0.481259
0    -0.472640
0    -0.472500
0    -0.467725
0    -0.462943
0    -0.459437
0    -0.474222
0    -0.461153
0    -0.448310
0    -0.456275
0    -0.475742
0    -0.465560
0    -0.471272
0    -0.463209
0    -0.458574
0    -0.460149
0    -0.473088
0    -0.460843
0    -0.469667
0    -0.454416
0    -0.478036
0    -0.484796
0    -0.485048
0    -0.479192
0    -0.479911
0    -0.474258
0    -0.471688
0    -0.481865
0    -0.489298
0    -0.497960
0    -0.490810
0    -0.491342
0    -0.480541
0    -0.481513
0    -0.492219
0    -0.488185
0    -0.490724
0    -0.492534
0    -0.480803
0    -0.479202
0    -0.467976
0    -0.485165
0    -0.488177
0    -0.471786
0    -0.460555
0    -0.460795
0    -0.467751
0    -0.479213
0    -0.481126
0    -0.462417
0    -0.462701
0    -0.464262
0    -0.473902
0    -0.496407
0    -0.487420
0    -0.474507
0    -0.487815
0    -0.481163
0    -0.466628
0    -0.467655
0    -0.473369
0    -0.465823
0    -0.479575
0    -0.488644
0    -0.494163
0    -0.496744
0    -0.498177
0    -0.497394
0    -0.498023
0    -0.493555
0    -0.484843
0    -0.489636
0    -0.486774
0    -0.494391
0    -0.475053
0    -0.488484
0    -0.482550
0    -0.499017
0    -0.509832
0    -0.503450
0    -0.507315
0    -0.500306
0    -0.507705
0    -0.518426
0    -0.511019
0    -0.502710
0    -0.504187
0    -0.510649
0    -0.505985
0    -0.508343
0    -0.516526
0    -0.522817
0    -0.535699
0    -0.535932
0    -0.518748
0    -0.524967
0    -0.524541
0    -0.506837
0    -0.506372
0    -0.518667
0    -0.516279
0    -0.517408
0    -0.522086
0    -0.509527
0    -0.494553
0    -0.489723
0    -0.518604
0    -0.531905
0    -0.535805
0    -0.526564
0    -0.498123
0    -0.519606
0    -0.522163
0    -0.519793
0    -0.518943
0    -0.521792
0    -0.520289
0    -0.530116
0    -0.525241
0    -0.520848
0    -0.529110
0    -0.526528
0    -0.533254
0    -0.518127
0    -0.529327
0    -0.525214
0    -0.525884
0    -0.520362
0    -0.516897
0    -0.533400
0    -0.532818
0    -0.517802
0    -0.518369
0    -0.524121
0    -0.510716
0    -0.506936
0    -0.514569
0    -0.518140
0    -0.525212
0    -0.513100
0    -0.512284
0    -0.520133
0    -0.519984
0    -0.526841
0    -0.523721
0    -0.532559
0    -0.532892
0    -0.521090
0    -0.502318
0    -0.489897
0    -0.504407
0    -0.521029
0    -0.529001
0    -0.530265
0    -0.519818
0    -0.500836
0    -0.509871
0    -0.507265
0    -0.523332
0    -0.518099
0    -0.535402
0    -0.538050
0    -0.524953
0    -0.523449
0    -0.524746
0    -0.531334
0    -0.535618
0    -0.550600
0    -0.550143
0    -0.543254
0    -0.531023
0    -0.529241
0    -0.536620
0    -0.528173
0    -0.521709
0    -0.502919
0    -0.481631
0    -0.495764
0    -0.501080
0    -0.510287
0    -0.539364
0    -0.531274
0    -0.535827
0    -0.501326
0    -0.519705
0    -0.506407
0    -0.516750
0    -0.539153
0    -0.540298
0    -0.541993
0    -0.525294
0    -0.529446
0    -0.538498
0    -0.544944
0    -0.536703
0    -0.530802
0    -0.543688
0    -0.541426
0    -0.520044
0    -0.513992
0    -0.521141
0    -0.537854
0    -0.525302
0    -0.526345
0    -0.534107
0    -0.529625
0    -0.528373
0    -0.532993
0    -0.532760
0    -0.527248
0    -0.529192
0    -0.528305
0    -0.533541
0    -0.534832
0    -0.533901
0    -0.535479
0    -0.537204
0    -0.541983
0    -0.531254
0    -0.529887
0    -0.513708
0    -0.517574
0    -0.534326
0    -0.533334
0    -0.533005
0    -0.532257
0    -0.534784
0    -0.535156
0    -0.536778
0    -0.521302
0    -0.517557
0    -0.524820
0    -0.519694
0    -0.535266
0    -0.552860
0    -0.558257
0    -0.536095
0    -0.528929
0    -0.528208
0    -0.539230
0    -0.546368
0    -0.559599
0    -0.543434
0    -0.563560
0    -0.555196
0    -0.547861
0    -0.568326
0    -0.547996
0    -0.568805
0    -0.559859
0    -0.562077
0    -0.562384
0    -0.569832
0    -0.564750
0    -0.554337
0    -0.549370
0    -0.534661
0    -0.553663
0    -0.551591
0    -0.562388
0    -0.553302
0    -0.550425
0    -0.565683
0    -0.561835
0    -0.555177
0    -0.560225
0    -0.562707
0    -0.542506
0    -0.552233
0    -0.553535
0    -0.561045
0    -0.560898
0    -0.564377
0    -0.564749
0    -0.562402
0    -0.544644
0    -0.565181
0    -0.572197
0    -0.553725
0    -0.554441
0    -0.555800
0    -0.568402
0    -0.558379
0    -0.557060
0    -0.581343
0    -0.575885
0    -0.569123
0    -0.567060
0    -0.578212
0    -0.566375
0    -0.580388
0    -0.584977
0    -0.576612
0    -0.582247
0    -0.586451
0    -0.578799
0    -0.566799
0    -0.559622
0    -0.568251
0    -0.576809
0    -0.572223
0    -0.579510
0    -0.585444
0    -0.579816
0    -0.579699
0    -0.585505
0    -0.590671
0    -0.593075
0    -0.587894
0    -0.592162
0    -0.590649
0    -0.591786
0    -0.598257
0    -0.593364
0    -0.600980
0    -0.601725
0    -0.610642
0    -0.610994
0    -0.605529
0    -0.585705
0    -0.587899
0    -0.593589
0    -0.604419
0    -0.604471
0    -0.601633
0    -0.592912
0    -0.596449
0    -0.587431
0    -0.585799
0    -0.590274
0    -0.590376
0    -0.593052
0    -0.571013
0    -0.581437
0    -0.599767
0    -0.586066
0    -0.597960
0    -0.592325
0    -0.589938
0    -0.585603
0    -0.590781
0    -0.616245
0    -0.620778
0    -0.610429
0    -0.608420
0    -0.603310
0    -0.612271
0    -0.613257
0    -0.601887
0    -0.596935
0    -0.600029
0    -0.611242
0    -0.617337
0    -0.635371
0    -0.629326
0    -0.615762
0    -0.632640
0    -0.623672
0    -0.630698
0    -0.642472
0    -0.632568
0    -0.627973
0    -0.631108
0    -0.635556
0    -0.633457
0    -0.611210
0    -0.617896
0    -0.620951
0    -0.617303
0    -0.619145
0    -0.624346
0    -0.622446
0    -0.627492
0    -0.618565
0    -0.627496
0    -0.638223
0    -0.647799
0    -0.640726
0    -0.644764
0    -0.640318
0    -0.636439
0    -0.636553
0    -0.621320
0    -0.645891
0    -0.653314
0    -0.656547
0    -0.655017
0    -0.648244
0    -0.647812
0    -0.636400
0    -0.628820
0    -0.630789
0    -0.627065
0    -0.636169
0    -0.639374
0    -0.633402
0    -0.645981
0    -0.633163
0    -0.625665
0    -0.640154
0    -0.649827
0    -0.636327
0    -0.654937
0    -0.649221
0    -0.637431
0    -0.642845
0    -0.660626
0    -0.645235
0    -0.650560
0    -0.638126
0    -0.625878
0    -0.641343
0    -0.646295
0    -0.640197
0    -0.638924
0    -0.653501
0    -0.658863
0    -0.661922
0    -0.637369
0    -0.644024
0    -0.657880
0    -0.648592
0    -0.652876
0    -0.658301
0    -0.642664
0    -0.658040
0    -0.648931
0    -0.642019
0    -0.661822
0    -0.649449
0    -0.649653
0    -0.655103
0    -0.663325
0    -0.636417
0    -0.645378
0    -0.638724
0    -0.641251
0    -0.667487
0    -0.672394
0    -0.669013
0    -0.664103
0    -0.662316
0    -0.657959
0    -0.663623
0    -0.659923
0    -0.661209
0    -0.651845
0    -0.660344
0    -0.648082
0    -0.649331
0    -0.662513
0    -0.664422
0    -0.668613
0    -0.664946
0    -0.669291
0    -0.660835
0    -0.668095
0    -0.656324
0    -0.654654
0    -0.667413
0    -0.681626
0    -0.664281
0    -0.660612
0    -0.662288
0    -0.658063
0    -0.665771
0    -0.651020
0    -0.658217
0    -0.659671
0    -0.650253
0    -0.656690
0    -0.648842
0    -0.661435
0    -0.667521
0    -0.666018
0    -0.683940
0    -0.679364
0    -0.666486
0    -0.683997
0    -0.674780
0    -0.666413
0    -0.675491
0    -0.666684
0    -0.658145
0    -0.667792
0    -0.666111
0    -0.661381
0    -0.663036
0    -0.654715
0    -0.671133
0    -0.672948
0    -0.676146
0    -0.681978
0    -0.690605
0    -0.671857
0    -0.692828
0    -0.689847
0    -0.683301
0    -0.698625
0    -0.692245
0    -0.682929
0    -0.665749
0    -0.677874
0    -0.675226
0    -0.705351
0    -0.676021
0    -0.672516
0    -0.675927
0    -0.681472
0    -0.671575
0    -0.658831
0    -0.678579
0    -0.687540
0    -0.680489
0    -0.676862
0    -0.700722
0    -0.697316
0    -0.692783
0    -0.693651
0    -0.697877
0    -0.692911
0    -0.683345
0    -0.676058
0    -0.684879
0    -0.710423
0    -0.715798
0    -0.702478
0    -0.698842
0    -0.690314
0    -0.699888
0    -0.693734
0    -0.696954
0    -0.711263
0    -0.706137
0    -0.717378
0    -0.724394
0    -0.713605
0    -0.695851
0    -0.706142
0    -0.698725
0    -0.709876
0    -0.709604
0    -0.692366
0    -0.706186
0    -0.705291
0    -0.684332
0    -0.685251
0    -0.679169
0    -0.697868
0    -0.690627
0    -0.709562
0    -0.705053
0    -0.707005
0    -0.706371
0    -0.712047
0    -0.703935
0    -0.707000
0    -0.700283
0    -0.701913
0    -0.712191
0    -0.717071
0    -0.703278
0    -0.682651
0    -0.679067
0    -0.684325
0    -0.682333
0    -0.703947
0    -0.700952
0    -0.700979
0    -0.700789
0    -0.706161
0    -0.704627
0    -0.698787
0    -0.697496
0    -0.689811
0    -0.685649
0    -0.690995
0    -0.696067
0    -0.702932
0    -0.697947
0    -0.699652
0    -0.690887
0    -0.687120
0    -0.697183
0    -0.698569
0    -0.686611
0    -0.690375
0    -0.704048
0    -0.685641
0    -0.674489
0    -0.662727
0    -0.663907
0    -0.670025
0    -0.673726
0    -0.687623
0    -0.685874
0    -0.698859
0    -0.695866
0    -0.705564
0    -0.706276
0    -0.696957
0    -0.695650
0    -0.698216
0    -0.692282
0    -0.697218
0    -0.706067
0    -0.691613
0    -0.698740
0    -0.692224
0    -0.681650
0    -0.667699
0    -0.670590
0    -0.684265
0    -0.697772
0    -0.688776
0    -0.702205
0    -0.694443
0    -0.701106
0    -0.688047
0    -0.668614
0    -0.686533
0    -0.699754
0    -0.695294
0    -0.698825
0    -0.704883
0    -0.709245
0    -0.688585
0    -0.699680
0    -0.698041
0    -0.689089
0    -0.683765
0    -0.693209
0    -0.681131
0    -0.688171
0    -0.683085
0    -0.681668
0    -0.678609
0    -0.685110
0    -0.693850
0    -0.694108
0    -0.705038
0    -0.704006
0    -0.693289
0    -0.704196
0    -0.696669
0    -0.707025
0    -0.697293
0    -0.696621
0    -0.697536
0    -0.680421
0    -0.692358
0    -0.701513
0    -0.715650
0    -0.709878
0    -0.700312
0    -0.716264
0    -0.707955
0    -0.701379
0    -0.699780
0    -0.711239
0    -0.721853
0    -0.728211
0    -0.727789
0    -0.722181
0    -0.726723
0    -0.722123
0    -0.717313
0    -0.716909
0    -0.720596
0    -0.728374
0    -0.734989
0    -0.734724
0    -0.728259
0    -0.737402
0    -0.735190
0    -0.735075
0    -0.730158
0    -0.712958
0    -0.703247
0    -0.710870
0    -0.713443
0    -0.713309
0    -0.712489
0    -0.724361
0    -0.740861
0    -0.732429
0    -0.717416
0    -0.723258
0    -0.730249
0    -0.723702
0    -0.716759
0    -0.727704
0    -0.721535
0    -0.710156
0    -0.704541
0    -0.712245
0    -0.734848
0    -0.726918
0    -0.730131
0    -0.715540
0    -0.701793
0    -0.708665
0    -0.706964
0    -0.721777
0    -0.725404
0    -0.709227
0    -0.707809
0    -0.702900
0    -0.713162
0    -0.733705
0    -0.731227
0    -0.739321
0    -0.735802
0    -0.734694
0    -0.732104
0    -0.719192
0    -0.719715
0    -0.711210
0    -0.711835
0    -0.714329
0    -0.730186
0    -0.726419
0    -0.714382
0    -0.717674
0    -0.720880
0    -0.735888
0    -0.728595
0    -0.715514
0    -0.713622
0    -0.720185
0    -0.717641
0    -0.712148
0    -0.723729
0    -0.725942
0    -0.732955
0    -0.733687
0    -0.747762
0    -0.748604
0    -0.752417
0    -0.733213
0    -0.742728
0    -0.737445
0    -0.740987
0    -0.740714
0    -0.729029
0    -0.718440
0    -0.731301
0    -0.736871
0    -0.730208
0    -0.740597
0    -0.738290
0    -0.733384
0    -0.728555
0    -0.716821
0    -0.725283
0    -0.734745
0    -0.752642
0    -0.748634
0    -0.745417
0    -0.739707
0    -0.743043
0    -0.735901
0    -0.723395
0    -0.720963
0    -0.723226
0    -0.735648
0    -0.738013
0    -0.739875
0    -0.725941
0    -0.734850
0    -0.734865
0    -0.737281
0    -0.742859
0    -0.765693
0    -0.756593
0    -0.760454
0    -0.729290
0    -0.714160
0    -0.741720
0    -0.744271
0    -0.732195
0    -0.741821
0    -0.747479
0    -0.743412
0    -0.743956
0    -0.730421
0    -0.736880
0    -0.734893
0    -0.744559
0    -0.742659
0    -0.745663
0    -0.728522
0    -0.740725
0    -0.732072
0    -0.741618
0    -0.730460
0    -0.747597
0    -0.749691
0    -0.757736
0    -0.749792
0    -0.754627
0    -0.752191
0    -0.755442
0    -0.745334
0    -0.735362
0    -0.723094
0    -0.752837
0    -0.747909
0    -0.767603
0    -0.762275
0    -0.756916
0    -0.744403
0    -0.767522
0    -0.759008
0    -0.773129
0    -0.773193
0    -0.766587
0    -0.768834
0    -0.751244
0    -0.757238
0    -0.763833
0    -0.765868
0    -0.770249
0    -0.767904
0    -0.764934
0    -0.763042
0    -0.755555
0    -0.743243
0    -0.757744
0    -0.756848
0    -0.752192
0    -0.739841
0    -0.736327
0    -0.750579
0    -0.728071
0    -0.725062
0    -0.727982
0    -0.739412
0    -0.751447
0    -0.750029
0    -0.757878
0    -0.762917
0    -0.758384
0    -0.768650
0    -0.761390
0    -0.769050
0    -0.764685
0    -0.754640
0    -0.751284
0    -0.747680
0    -0.749499
0    -0.757812
0    -0.753374
0    -0.754190
0    -0.761207
0    -0.767848
0    -0.761300
0    -0.759511
0    -0.776680
0    -0.768622
0    -0.776145
0    -0.786058
0    -0.764968
0    -0.766505
0    -0.764153
0    -0.751689
0    -0.761250
0    -0.757744
0    -0.759021
0    -0.782202
0    -0.781643
0    -0.775009
0    -0.780383
0    -0.779495
0    -0.759771
0    -0.753079
0    -0.753415
0    -0.753664
0    -0.776876
0    -0.768329
0    -0.770249
0    -0.753007
0    -0.756810
0    -0.757373
0    -0.755930
0    -0.762789
0    -0.762153
0    -0.751623
0    -0.759474
0    -0.765841
0    -0.779163
0    -0.775966
0    -0.773884
0    -0.779864
0    -0.773074
0    -0.769720
0    -0.760211
0    -0.763365
0    -0.787731
0    -0.786571
0    -0.767092
0    -0.784128
0    -0.785221
0    -0.781611
0    -0.792446
0    -0.792115
0    -0.794599
0    -0.781062
0    -0.767884
0    -0.770680
0    -0.772129
0    -0.789150
0    -0.781122
0    -0.781850
0    -0.781150
0    -0.780306
0    -0.782633
0    -0.782865
0    -0.779244
0    -0.795338
0    -0.803731
0    -0.800784
0    -0.795386
0    -0.784024
0    -0.798481
0    -0.798006
0    -0.783851
0    -0.785537
0    -0.779672
0    -0.775476
0    -0.773894
0    -0.781791
0    -0.798330
0    -0.804948
0    -0.799289
0    -0.802832
0    -0.796228
0    -0.793157
0    -0.792050
0    -0.785641
0    -0.785617
0    -0.788478
0    -0.794355
0    -0.791767
0    -0.786162
0    -0.778351
0    -0.780169
0    -0.785297
0    -0.786229
0    -0.776543
0    -0.787671
0    -0.795444
0    -0.790649
0    -0.784838
0    -0.785736
0    -0.778037
0    -0.770970
0    -0.790938
0    -0.804615
0    -0.789338
0    -0.791822
0    -0.783393
0    -0.777468
0    -0.771693
0    -0.781428
0    -0.787068
0    -0.804925
0    -0.802156
0    -0.817259
0    -0.808888
0    -0.804126
0    -0.800476
0    -0.811417
0    -0.801774
0    -0.793142
0    -0.787623
0    -0.797894
0    -0.789496
0    -0.793577
0    -0.788866
0    -0.777235
0    -0.785191
0    -0.811861
0    -0.797204
0    -0.811364
0    -0.812177
0    -0.807499
0    -0.790868
0    -0.801022
0    -0.805377
0    -0.822602
0    -0.808736
0    -0.803156
0    -0.821001
0    -0.822222
0    -0.814864
0    -0.813613
0    -0.808718
0    -0.812202
0    -0.802088
0    -0.783874
0    -0.797245
0    -0.807928
0    -0.818905
0    -0.813861
0    -0.819905
0    -0.795181
0    -0.794143
0    -0.782865
0    -0.796025
0    -0.812735
0    -0.821760
0    -0.804426
0    -0.800296
0    -0.822922
0    -0.818160
0    -0.817783
0    -0.818334
0    -0.808301
0    -0.824139
0    -0.829056
0    -0.835437
0    -0.837096
0    -0.840109
0    -0.841351
0    -0.830979
0    -0.843473
0    -0.831051
0    -0.828406
0    -0.831616
0    -0.843032
0    -0.846979
0    -0.852715
0    -0.846419
0    -0.851598
0    -0.864693
0    -0.851755
0    -0.858205
0    -0.825614
0    -0.826418
0    -0.834330
0    -0.823305
0    -0.831627
0    -0.837926
0    -0.829730
0    -0.826749
0    -0.825740
0    -0.830975
0    -0.836517
0    -0.826707
0    -0.830515
0    -0.842778
0    -0.847145
0    -0.833542
0    -0.824781
0    -0.838667
0    -0.828136
0    -0.821318
0    -0.821081
0    -0.808078
0    -0.810014
0    -0.813603
0    -0.811945
0    -0.791133
0    -0.809988
0    -0.811504
0    -0.818189
0    -0.811289
0    -0.816918
0    -0.810438
0    -0.798870
0    -0.790460
0    -0.799025
0    -0.804495
0    -0.793342
0    -0.802616
0    -0.811875
0    -0.803512
0    -0.796497
0    -0.794328
0    -0.795147
0    -0.804310
0    -0.804598
0    -0.810736
0    -0.801328
0    -0.789955
0    -0.808950
0    -0.815185
0    -0.803922
0    -0.803437
0    -0.810132
0    -0.798915
0    -0.801046
0    -0.805400
0    -0.805051
0    -0.805472
0    -0.812689
0    -0.803554
0    -0.794219
0    -0.796346
0    -0.794313
0    -0.795492
0    -0.804204
0    -0.812840
0    -0.796690
0    -0.813857
0    -0.796055
0    -0.787127
0    -0.789830
0    -0.796999
0    -0.789970
0    -0.802252
0    -0.795911
0    -0.806887
0    -0.794693
0    -0.796275
0    -0.804082
0    -0.797291
0    -0.797555
0    -0.801611
0    -0.808982
0    -0.810066
0    -0.813494
0    -0.816087
0    -0.809954
0    -0.802033
0    -0.800645
0    -0.791962
0    -0.794440
0    -0.801826
0    -0.800701
0    -0.783509
0    -0.785518
0    -0.783790
0    -0.763231
0    -0.766384
0    -0.775038
0    -0.780935
0    -0.800736
0    -0.799691
0    -0.799982
0    -0.794831
0    -0.812173
0    -0.807257
0    -0.794914
0    -0.812455
0    -0.818412
0    -0.814267
0    -0.795063
0    -0.797436
0    -0.802201
0    -0.806336
0    -0.824073
0    -0.816414
0    -0.810279
0    -0.810838
0    -0.826918
0    -0.822719
0    -0.821415
0    -0.821215
0    -0.824341
0    -0.809844
0    -0.812233
0    -0.815553
0    -0.823331
0    -0.832919
0    -0.818519
0    -0.794456
0    -0.799296
0    -0.810363
0    -0.830304
0    -0.833602
0    -0.831031
0    -0.836480
0    -0.845480
0    -0.829616
0    -0.833936
0    -0.823248
0    -0.835233
0    -0.838055
0    -0.841778
0    -0.833199
0    -0.833531
0    -0.836064
0    -0.829440
0    -0.834506
0    -0.819689
0    -0.830637
0    -0.819476
0    -0.825007
0    -0.818916
0    -0.821946
0    -0.824568
0    -0.818174
0    -0.819565
0    -0.831969
0    -0.819365
0    -0.831555
0    -0.829376
0    -0.809444
0    -0.820773
0    -0.818287
0    -0.821763
0    -0.836227
0    -0.846611
0    -0.840339
0    -0.837688
0    -0.826216
0    -0.824281
0    -0.823352
0    -0.819101
0    -0.820047
0    -0.825280
0    -0.830833
0    -0.852646
0    -0.850436
0    -0.843305
0    -0.837726
0    -0.843245
0    -0.843657
0    -0.829492
0    -0.835791
0    -0.836509
0    -0.846720
0    -0.843469
0    -0.850120
0    -0.850021
0    -0.843290
0    -0.849845
0    -0.844436
0    -0.858020
0    -0.865794
0    -0.858924
0    -0.849587
0    -0.844509
0    -0.836792
0    -0.836854
0    -0.840003
0    -0.825577
0    -0.841652
0    -0.845844
0    -0.850460
0    -0.847052
0    -0.838169
0    -0.829534
0    -0.830702
0    -0.847656
0    -0.863816
0    -0.854862
0    -0.868779
0    -0.871709
0    -0.869737
0    -0.861282
0    -0.848957
0    -0.832190
0    -0.849178
0    -0.850334
0    -0.851966
0    -0.852045
0    -0.844953
0    -0.839864
0    -0.847504
0    -0.852215
0    -0.857096
0    -0.869154
0    -0.871583
0    -0.854521
0    -0.860196
0    -0.854552
0    -0.862611
0    -0.853993
0    -0.849508
0    -0.843659
0    -0.840608
0    -0.858953
0    -0.835143
0    -0.836018
0    -0.830934
0    -0.846084
0    -0.862318
0    -0.867826
0    -0.868682
0    -0.866326
0    -0.865920
0    -0.864565
0    -0.860779
0    -0.877548
0    -0.875659
0    -0.871429
0    -0.880362
0    -0.865452
0    -0.853991
0    -0.866670
0    -0.862386
0    -0.854983
0    -0.838252
0    -0.830306
0    -0.834412
0    -0.836728
0    -0.844097
0    -0.850935
0    -0.844270
0    -0.839111
0    -0.828315
0    -0.842694
0    -0.845336
0    -0.833203
0    -0.824042
0    -0.832114
0    -0.845103
0    -0.838755
0    -0.835872
0    -0.841835
0    -0.840102
0    -0.848239
0    -0.864918
0    -0.855122
0    -0.853777
0    -0.855631
0    -0.859893
0    -0.846380
0    -0.847637
0    -0.843235
0    -0.851058
0    -0.846018
0    -0.850463
0    -0.851708
0    -0.856057
0    -0.837317
0    -0.847111
0    -0.841797
0    -0.851400
0    -0.834010
0    -0.843520
0    -0.847551
0    -0.849861
0    -0.839838
0    -0.840818
0    -0.850651
0    -0.849751
0    -0.856856
0    -0.859181
0    -0.858632
0    -0.868252
0    -0.857355
0    -0.853199
0    -0.849127
0    -0.861222
0    -0.875160
0    -0.863371
0    -0.868388
0    -0.855508
0    -0.844850
0    -0.831893
0    -0.838998
0    -0.849045
0    -0.853563
0    -0.863467
0    -0.864083
0    -0.869368
0    -0.862061
0    -0.879967
0    -0.886402
0    -0.875268
0    -0.857347
0    -0.865549
0    -0.839491
0    -0.833164
0    -0.833182
0    -0.845300
0    -0.851709
0    -0.852304
0    -0.870365
0    -0.871396
0    -0.871130
0    -0.866426
0    -0.870172
0    -0.876837
0    -0.865101
0    -0.862314
0    -0.873662
0    -0.865087
0    -0.868635
0    -0.870774
0    -0.876446
0    -0.874395
0    -0.864209
0    -0.872035
0    -0.855631
0    -0.863146
0    -0.857478
0    -0.874636
0    -0.879866
0    -0.874532
0    -0.875548
0    -0.872442
0    -0.883215
0    -0.893393
0    -0.862644
0    -0.867031
0    -0.860353
0    -0.855253
0    -0.847216
0    -0.865076
0    -0.873688
0    -0.868063
0    -0.872422
0    -0.873287
0    -0.863974
0    -0.870831
0    -0.870166
0    -0.870985
0    -0.871093
0    -0.870645
0    -0.890594
0    -0.883727
0    -0.890695
0    -0.883302
0    -0.879911
0    -0.877049
0    -0.890885
0    -0.895442
0    -0.903926
0    -0.885681
0    -0.873872
0    -0.876148
0    -0.884035
0    -0.882528
0    -0.889387
0    -0.886793
0    -0.885347
0    -0.895438
0    -0.891198
0    -0.895555
0    -0.899877
0    -0.904072
0    -0.889684
0    -0.899216
0    -0.906912
0    -0.895683
0    -0.918317
0    -0.911557
0    -0.899850
0    -0.888989
0    -0.882897
0    -0.891261
0    -0.894571
0    -0.903695
0    -0.902687
0    -0.900682
0    -0.917227
0    -0.914333
0    -0.906169
0    -0.901521
0    -0.892928
0    -0.906364
0    -0.915133
0    -0.919137
0    -0.905540
0    -0.902352
0    -0.916783
0    -0.909612
0    -0.901263
0    -0.914230
0    -0.905041
0    -0.905823
0    -0.906780
0    -0.901531
0    -0.900583
0    -0.906162
0    -0.909920
0    -0.906135
0    -0.911512
0    -0.914501
0    -0.916897
0    -0.919651
0    -0.907177
0    -0.897789
0    -0.907874
0    -0.899413
0    -0.882070
0    -0.906901
0    -0.903943
0    -0.931169
0    -0.931039
0    -0.920530
0    -0.922444
0    -0.928918
0    -0.910411
0    -0.907256
0    -0.916249
0    -0.906236
0    -0.900521
0    -0.902495
0    -0.903160
0    -0.911568
0    -0.901500
0    -0.918082
0    -0.912779
0    -0.902578
0    -0.882638
0    -0.902006
0    -0.897287
0    -0.919709
0    -0.915341
0    -0.920702
0    -0.909238
0    -0.914771
0    -0.917295
0    -0.927079
0    -0.918141
0    -0.933267
0    -0.933503
0    -0.934117
0    -0.931847
0    -0.924944
0    -0.925307
0    -0.923272
0    -0.920766
0    -0.917424
0    -0.929762
0    -0.928579
0    -0.928876
0    -0.942153
0    -0.949119
0    -0.945930
0    -0.932542
0    -0.925327
0    -0.930112
0    -0.928200
0    -0.930971
0    -0.943348
0    -0.937575
0    -0.917674
0    -0.907250
0    -0.931557
0    -0.941991
0    -0.950695
0    -0.940381
0    -0.931116
0    -0.937098
0    -0.935968
0    -0.931795
0    -0.939576
0    -0.956476
0    -0.946673
0    -0.944139
0    -0.937577
0    -0.946849
0    -0.934868
0    -0.956766
0    -0.944840
0    -0.941826
0    -0.938194
0    -0.942053
0    -0.948914
0    -0.943634
0    -0.929025
0    -0.935438
0    -0.940145
0    -0.947018
0    -0.945814
0    -0.953007
0    -0.966038
0    -0.964419
0    -0.959544
0    -0.962114
0    -0.960203
0    -0.934503
0    -0.935853
0    -0.950848
0    -0.946413
0    -0.940092
0    -0.965806
0    -0.967139
0    -0.962008
0    -0.955843
0    -0.942568
0    -0.942447
0    -0.919953
0    -0.932698
0    -0.931038
0    -0.923130
0    -0.925073
0    -0.931499
0    -0.925096
0    -0.945149
0    -0.937430
0    -0.942632
0    -0.939245
0    -0.930650
0    -0.939414
0    -0.948232
0    -0.945430
0    -0.938807
0    -0.939762
0    -0.953613
0    -0.949702
0    -0.948879
0    -0.939753
0    -0.942246
0    -0.943245
0    -0.940148
0    -0.941660
0    -0.944563
0    -0.933594
0    -0.931359
0    -0.919855
0    -0.934105
0    -0.951918
0    -0.960726
0    -0.950098
0    -0.940322
0    -0.933453
0    -0.958027
0    -0.963666
0    -0.959714
0    -0.963505
0    -0.961813
0    -0.975442
0    -0.962319
0    -0.968667
0    -0.957761
0    -0.956629
0    -0.942199
0    -0.950792
0    -0.934706
0    -0.936598
0    -0.938227
0    -0.949202
0    -0.955671
0    -0.948194
0    -0.940145
0    -0.940581
0    -0.940541
0    -0.945268
0    -0.941772
0    -0.921609
0    -0.940143
0    -0.941526
0    -0.947016
0    -0.946558
0    -0.953672
0    -0.951219
0    -0.947609
0    -0.938250
0    -0.949763
0    -0.952841
0    -0.946333
0    -0.938242
0    -0.936950
0    -0.951499
0    -0.951798
0    -0.953086
0    -0.942263
0    -0.941981
0    -0.955848
0    -0.935036
0    -0.956992
0    -0.956585
0    -0.952552
0    -0.935293
0    -0.954317
0    -0.954337
0    -0.958564
0    -0.957276
0    -0.963576
0    -0.963569
0    -0.952729
0    -0.964488
0    -0.962996
0    -0.969109
0    -0.959521
0    -0.948325
0    -0.937005
0    -0.955238
0    -0.952855
0    -0.946130
0    -0.951594
0    -0.952773
0    -0.956618
0    -0.945157
0    -0.957547
0    -0.952037
0    -0.945008
0    -0.940101
0    -0.954868
0    -0.963537
0    -0.978370
0    -0.977355
0    -0.960629
0    -0.966885
0    -0.966959
0    -0.937469
0    -0.927375
0    -0.951052
0    -0.945449
0    -0.964496
0    -0.968955
0    -0.972817
0    -0.967480
0    -0.973230
0    -0.967102
0    -0.954872
0    -0.951210
0    -0.934254
0    -0.950188
0    -0.952572
0    -0.968730
0    -0.950422
0    -0.958654
0    -0.952391
0    -0.959370
0    -0.946809
0    -0.953799
0    -0.947424
0    -0.959378
0    -0.958356
0    -0.940006
0    -0.954250
0    -0.951100
0    -0.945605
0    -0.945206
0    -0.954254
0    -0.953012
0    -0.961099
0    -0.961697
0    -0.962795
0    -0.964923
0    -0.957589
0    -0.966199
0    -0.957898
0    -0.964851
0    -0.971331
0    -0.968366
0    -0.948999
0    -0.946184
0    -0.957198
0    -0.961193
0    -0.962920
0    -0.942450
0    -0.945725
0    -0.961848
0    -0.962027
0    -0.974701
0    -0.970844
0    -0.983097
0    -0.968530
0    -0.963584
0    -0.960379
0    -0.965197
0    -0.963246
0    -0.971015
0    -0.956444
0    -0.961132
0    -0.977586
0    -0.975432
0    -0.976141
0    -0.959758
0    -0.955104
0    -0.963302
0    -0.978562
0    -0.970599
0    -0.959897
0    -0.961413
0    -0.964576
0    -0.975232
0    -0.973704
0    -0.966828
0    -0.962062
0    -0.970632
0    -0.959172
0    -0.941954
0    -0.939577
0    -0.947276
0    -0.950637
0    -0.971143
0    -0.961933
0    -0.966122
0    -0.968429
0    -0.964817
0    -0.961276
0    -0.961727
0    -0.966221
0    -0.979935
0    -0.978941
0    -0.984228
0    -0.966265
0    -0.973375
0    -0.984898
0    -0.979896
0    -0.968292
0    -0.943369
0    -0.943173
0    -0.934682
0    -0.943568
0    -0.935055
0    -0.934301
0    -0.947360
0    -0.964058
0    -0.964784
0    -0.958614
0    -0.957615
0    -0.971216
0    -0.969430
0    -0.978972
0    -0.953340
0    -0.964485
0    -0.964496
0    -0.979749
0    -0.969599
0    -0.973341
0    -0.946155
0    -0.964656
0    -0.961738
0    -0.968322
0    -0.965664
0    -0.969934
0    -0.986080
0    -0.992016
0    -0.988474
0    -0.975507
0    -0.978804
0    -0.985601
0    -0.982104
0    -0.976731
0    -0.966427
0    -0.979305
0    -0.974309
0    -0.976639
0    -0.976123
0    -0.979245
0    -0.986482
0    -0.971413
0    -0.984858
0    -0.981967
0    -0.982973
0    -0.983735
0    -0.987783
0    -0.983679
0    -0.969819
0    -0.961681
0    -0.976569
0    -0.964748
0    -0.975500
0    -0.991410
0    -0.990432
0    -0.983745
0    -0.986515
0    -0.991629
0    -0.967730
0    -0.979411
0    -0.980808
0    -0.980593
0    -0.994558
0    -1.003506
0    -1.004274
0    -0.994451
0    -0.984252
0    -0.985714
0    -0.978035
0    -0.982997
0    -0.990472
0    -0.993652
0    -1.006500
0    -0.994014
0    -0.997113
0    -0.996550
0    -0.987639
0    -0.990570
0    -0.998207
0    -0.983890
0    -0.976944
0    -0.987269
0    -1.012460
0    -1.027821
0    -1.019660
0    -1.018264
0    -1.020810
0    -1.025902
0    -1.023080
0    -1.012299
0    -1.004500
0    -1.014540
0    -1.004210
0    -1.011101
0    -1.021574
0    -1.006366
0    -1.028295
0    -1.027078
0    -1.016901
0    -1.023210
0    -1.024654
0    -1.045802
0    -1.037194
0    -1.038361
0    -1.042710
0    -1.036100
0    -1.044184
0    -1.043054
0    -1.038234
0    -1.037341
0    -1.045462
0    -1.047840
0    -1.039871
0    -1.034268
0    -1.031921
0    -1.044239
0    -1.048991
0    -1.060729
0    -1.055975
0    -1.053111
0    -1.042372
0    -1.051495
0    -1.050223
0    -1.038866
0    -1.032476
0    -1.024177
0    -1.023328
0    -1.028883
0    -1.014062
0    -1.014548
0    -1.025030
0    -1.017456
0    -1.032111
0    -1.023128
0    -1.035872
0    -1.018701
0    -1.019768
0    -1.042546
0    -1.044583
0    -1.031008
0    -1.024527
0    -1.041343
0    -1.043164
0    -1.048082
0    -1.046998
0    -1.040801
0    -1.035842
0    -1.043196
0    -1.038586
0    -1.041262
0    -1.041198
0    -1.030364
0    -1.047792
0    -1.045004
0    -1.040407
0    -1.042320
0    -1.054904
0    -1.048221
0    -1.062894
0    -1.049986
0    -1.045710
0    -1.045544
0    -1.039884
0    -1.043690
0    -1.046972
0    -1.051997
0    -1.055728
0    -1.057146
0    -1.048640
0    -1.045369
0    -1.051859
0    -1.070723
0    -1.068819
0    -1.056229
0    -1.054073
0    -1.053863
0    -1.051218
0    -1.042142
0    -1.045481
0    -1.058845
0    -1.059691
0    -1.066704
0    -1.041755
0    -1.055908
0    -1.057707
0    -1.050591
0    -1.057848
0    -1.049872
0    -1.064889
0    -1.066335
0    -1.059001
0    -1.047267
0    -1.046715
0    -1.047610
0    -1.037493
0    -1.040363
0    -1.058668
0    -1.069322
0    -1.064295
0    -1.070605
0    -1.075374
0    -1.088000
0    -1.076028
0    -1.075891
0    -1.079035
0    -1.082296
0    -1.085336
0    -1.071623
0    -1.074445
0    -1.074094
0    -1.083016
0    -1.080426
0    -1.076722
0    -1.065266
0    -1.063125
0    -1.079459
0    -1.068220
0    -1.062736
0    -1.057113
0    -1.064489
0    -1.071586
0    -1.081768
0    -1.085723
0    -1.087263
0    -1.087365
0    -1.092428
0    -1.082537
0    -1.080613
0    -1.100742
0    -1.090956
0    -1.092811
0    -1.097283
0    -1.092303
0    -1.094326
0    -1.088692
0    -1.099415
0    -1.085750
0    -1.084906
0    -1.096768
0    -1.099928
0    -1.087049
0    -1.101586
0    -1.108874
0    -1.099270
0    -1.097028
0    -1.115829
0    -1.101263
0    -1.094607
0    -1.091920
0    -1.093265
0    -1.085999
0    -1.102361
0    -1.107675
0    -1.101572
0    -1.098739
0    -1.108741
0    -1.101170
0    -1.105905
0    -1.102312
0    -1.109564
0    -1.102121
0    -1.100982
0    -1.108608
0    -1.089185
0    -1.098317
0    -1.095953
0    -1.098487
0    -1.098395
0    -1.111501
0    -1.091882
0    -1.095968
0    -1.104854
0    -1.099951
0    -1.106292
0    -1.099691
0    -1.087654
0    -1.092220
0    -1.112218
0    -1.115095
0    -1.104274
0    -1.107500
0    -1.100650
0    -1.103131
0    -1.109457
0    -1.113344
0    -1.115995
0    -1.125061
0    -1.120155
0    -1.109922
0    -1.116787
0    -1.109206
0    -1.090871
0    -1.096493
0    -1.097128
0    -1.086488
0    -1.085854
0    -1.086698
0    -1.088073
0    -1.096854
0    -1.100650
0    -1.109967
0    -1.093498
0    -1.094643
0    -1.092280
0    -1.095727
0    -1.094173
0    -1.094731
0    -1.097860
0    -1.103632
0    -1.094025
0    -1.099826
0    -1.085136
0    -1.094955
0    -1.112944
0    -1.099338
0    -1.097454
0    -1.088681
0    -1.109391
0    -1.102260
0    -1.100990
0    -1.094971
0    -1.098101
0    -1.100387
0    -1.099749
0    -1.104872
0    -1.111760
0    -1.116686
0    -1.104036
0    -1.092025
0    -1.101982
0    -1.112358
0    -1.109623
0    -1.106704
0    -1.123364
0    -1.122585
0    -1.124974
0    -1.125932
0    -1.120529
0    -1.112649
0    -1.096520
0    -1.097486
0    -1.096655
0    -1.091407
0    -1.091001
0    -1.095841
0    -1.107500
0    -1.110023
0    -1.111338
0    -1.110661
0    -1.111812
0    -1.105965
0    -1.102520
0    -1.120020
0    -1.131064
0    -1.124787
0    -1.114218
0    -1.110763
0    -1.111179
0    -1.122306
0    -1.106920
0    -1.111077
0    -1.123536
0    -1.106834
0    -1.102540
0    -1.115776
0    -1.124155
0    -1.109649
0    -1.112100
0    -1.109843
0    -1.122713
0    -1.124504
0    -1.122544
0    -1.108568
0    -1.111190
0    -1.092981
0    -1.082655
0    -1.079259
0    -1.091241
0    -1.111513
0    -1.112488
0    -1.093135
0    -1.114284
0    -1.118026
0    -1.119005
0    -1.122769
0    -1.119359
0    -1.094041
0    -1.079510
0    -1.073838
0    -1.085853
0    -1.092701
0    -1.104621
0    -1.101978
0    -1.117308
0    -1.123819
0    -1.117088
0    -1.115496
0    -1.117209
0    -1.122299
0    -1.126238
0    -1.121512
0    -1.119382
0    -1.101243
0    -1.106743
0    -1.102393
0    -1.125969
0    -1.116329
0    -1.110416
0    -1.098629
0    -1.094998
0    -1.102264
0    -1.116743
0    -1.110287
0    -1.113545
0    -1.107036
0    -1.112935
0    -1.109474
0    -1.110329
0    -1.102066
0    -1.103251
0    -1.109716
0    -1.090443
0    -1.094229
0    -1.088102
0    -1.099124
0    -1.101509
0    -1.108088
0    -1.127205
0    -1.126318
0    -1.101562
0    -1.093921
0    -1.107917
0    -1.114139
0    -1.121553
0    -1.120020
0    -1.105006
0    -1.110830
0    -1.117984
0    -1.117282
0    -1.118791
0    -1.116479
0    -1.115998
0    -1.110450
0    -1.092512
0    -1.090106
0    -1.093874
0    -1.086229
0    -1.083759
0    -1.094894
0    -1.095279
0    -1.098612
0    -1.101938
0    -1.119904
0    -1.126187
0    -1.123872
0    -1.124502
0    -1.116309
0    -1.134369
0    -1.139104
0    -1.133952
0    -1.143291
0    -1.132011
0    -1.115258
0    -1.117878
0    -1.115438
0    -1.110903
0    -1.107112
0    -1.107427
0    -1.123767
0    -1.135800
0    -1.137268
0    -1.141434
0    -1.138366
0    -1.124949
0    -1.117013
0    -1.106046
0    -1.117947
0    -1.105410
0    -1.111579
0    -1.112383
0    -1.115632
0    -1.127982
0    -1.121161
0    -1.137025
0    -1.124432
0    -1.131289
0    -1.131397
0    -1.111214
0    -1.109715
0    -1.121464
0    -1.127786
0    -1.150539
0    -1.136896
0    -1.117930
0    -1.132210
0    -1.127213
0    -1.119002
0    -1.132338
0    -1.109234
0    -1.116328
0    -1.126179
0    -1.115469
0    -1.124318
0    -1.126511
0    -1.129417
0    -1.119143
0    -1.109930
0    -1.095958
0    -1.105604
0    -1.126449
0    -1.119516
0    -1.104495
0    -1.116165
0    -1.115443
0    -1.098866
0    -1.089022
0    -1.098119
0    -1.101362
0    -1.114025
0    -1.103706
0    -1.108645
0    -1.104104
0    -1.083475
0    -1.093453
0    -1.115460
0    -1.101556
0    -1.091578
0    -1.124820
0    -1.111468
0    -1.119749
0    -1.140198
0    -1.137632
0    -1.131268
0    -1.127735
0    -1.125467
0    -1.103009
0    -1.123570
0    -1.123003
0    -1.132162
0    -1.117840
0    -1.126951
0    -1.136811
0    -1.119841
0    -1.136215
0    -1.138088
0    -1.131648
0    -1.131012
0    -1.136781
0    -1.140720
0    -1.134953
0    -1.129410
0    -1.140005
0    -1.129590
0    -1.131744
0    -1.155233
0    -1.141259
0    -1.129090
0    -1.136424
0    -1.145674
0    -1.150104
0    -1.139736
0    -1.130489
0    -1.144159
0    -1.135448
0    -1.149810
0    -1.150256
0    -1.152993
0    -1.154493
0    -1.154915
0    -1.159046
0    -1.149089
0    -1.153694
0    -1.134846
0    -1.149902
0    -1.145556
0    -1.144208
0    -1.140040
0    -1.125693
0    -1.130702
0    -1.121326
0    -1.112999
0    -1.135059
0    -1.121985
0    -1.127564
0    -1.132020
0    -1.114219
0    -1.145622
0    -1.147071
0    -1.137350
0    -1.141648
0    -1.139234
0    -1.123813
0    -1.135665
0    -1.132353
0    -1.133294
0    -1.149336
0    -1.158855
0    -1.144167
0    -1.148788
0    -1.141018
0    -1.148901
0    -1.123886
0    -1.114360
0    -1.126940
0    -1.124876
0    -1.120881
0    -1.120822
0    -1.133916
0    -1.130183
0    -1.113448
0    -1.126465
0    -1.140958
0    -1.133632
0    -1.135663
0    -1.128952
0    -1.136030
0    -1.133786
0    -1.134569
0    -1.151330
0    -1.144822
0    -1.134142
0    -1.147551
0    -1.140419
0    -1.141469
0    -1.148164
0    -1.163412
0    -1.160663
0    -1.160812
0    -1.161151
0    -1.159860
0    -1.155252
0    -1.148099
0    -1.145080
0    -1.139736
0    -1.153502
0    -1.133690
0    -1.131008
0    -1.118249
0    -1.122491
0    -1.133107
0    -1.141396
0    -1.130612
0    -1.142018
0    -1.150770
0    -1.150262
0    -1.156059
0    -1.142410
0    -1.155330
0    -1.157609
0    -1.155266
0    -1.150669
0    -1.151407
0    -1.158781
0    -1.136162
0    -1.139427
0    -1.130186
0    -1.130536
0    -1.128931
0    -1.143419
0    -1.141282
0    -1.138391
0    -1.134062
0    -1.134570
0    -1.146265
0    -1.160740
0    -1.151864
0    -1.155807
0    -1.145042
0    -1.147851
0    -1.154641
0    -1.150743
0    -1.139468
0    -1.159415
0    -1.136740
0    -1.139126
0    -1.161933
0    -1.163394
0    -1.168840
0    -1.170365
0    -1.146854
0    -1.172310
0    -1.144680
0    -1.140468
0    -1.141223
0    -1.158420
0    -1.143138
0    -1.160881
0    -1.163503
0    -1.181411
0    -1.161153
0    -1.172758
0    -1.171399
0    -1.172883
0    -1.155215
0    -1.149787
0    -1.164575
0    -1.159384
0    -1.168439
0    -1.166358
0    -1.160563
0    -1.159287
0    -1.149564
0    -1.150526
0    -1.134188
0    -1.126212
0    -1.142937
0    -1.164867
0    -1.165125
0    -1.157505
0    -1.164366
0    -1.153437
0    -1.149865
0    -1.151529
0    -1.154346
0    -1.159037
0    -1.159637
0    -1.165366
0    -1.162832
0    -1.159242
0    -1.159099
0    -1.165291
0    -1.161838
0    -1.162082
0    -1.154320
0    -1.152527
0    -1.151191
0    -1.149047
0    -1.145765
0    -1.148337
0    -1.136594
0    -1.156410
0    -1.155150
0    -1.168805
0    -1.176688
0    -1.176041
0    -1.173291
0    -1.183866
0    -1.167120
0    -1.171178
0    -1.182497
0    -1.185363
0    -1.185958
0    -1.197575
0    -1.173117
0    -1.164046
0    -1.178511
0    -1.180893
0    -1.178809
0    -1.187019
0    -1.190905
0    -1.174402
0    -1.170595
0    -1.162827
0    -1.166214
0    -1.160455
0    -1.171713
0    -1.171479
0    -1.182635
0    -1.193237
0    -1.167237
0    -1.166305
0    -1.163229
0    -1.173813
0    -1.168441
0    -1.178853
0    -1.173819
0    -1.174999
0    -1.178090
0    -1.165920
0    -1.172853
0    -1.184755
0    -1.191203
0    -1.193653
0    -1.200285
0    -1.195484
0    -1.187268
0    -1.179749
0    -1.182742
0    -1.184801
0    -1.175437
0    -1.172733
0    -1.181972
0    -1.185580
0    -1.183661
0    -1.183193
0    -1.194889
0    -1.184192
0    -1.183914
0    -1.173974
0    -1.179279
0    -1.182148
0    -1.181578
0    -1.175623
0    -1.179074
0    -1.175283
0    -1.188457
0    -1.182337
0    -1.174009
0    -1.180463
0    -1.187838
0    -1.173487
0    -1.196262
0    -1.197266
0    -1.202749
0    -1.194315
0    -1.201594
0    -1.180053
0    -1.173863
0    -1.183033
0    -1.197328
0    -1.191033
0    -1.213548
0    -1.203465
0    -1.202828
0    -1.200853
0    -1.190273
0    -1.190559
0    -1.196159
0    -1.207158
0    -1.195116
0    -1.189120
0    -1.178192
0    -1.185898
0    -1.182698
0    -1.199919
0    -1.202401
0    -1.213524
0    -1.204200
0    -1.211194
0    -1.207140
0    -1.219510
0    -1.216286
0    -1.213604
0    -1.225056
0    -1.223415
0    -1.226604
0    -1.197645
0    -1.188385
0    -1.197414
0    -1.194454
0    -1.179283
0    -1.208659
0    -1.192759
0    -1.199549
0    -1.199328
0    -1.189092
0    -1.171743
0    -1.165364
0    -1.170477
0    -1.198049
0    -1.171502
0    -1.193812
0    -1.183278
0    -1.197510
0    -1.180852
0    -1.188416
0    -1.193328
0    -1.185974
0    -1.201619
0    -1.205717
0    -1.206563
0    -1.186694
0    -1.184001
0    -1.198823
0    -1.184364
0    -1.203322
0    -1.197795
0    -1.206718
0    -1.203022
0    -1.198045
0    -1.197862
0    -1.183124
0    -1.200093
0    -1.194430
0    -1.193596
0    -1.195632
0    -1.183257
0    -1.201523
0    -1.200247
0    -1.207301
0    -1.199544
0    -1.194904
0    -1.212427
0    -1.201891
0    -1.210648
0    -1.212025
0    -1.214410
0    -1.218156
0    -1.199598
0    -1.209410
0    -1.204871
0    -1.209170
0    -1.200690
0    -1.185733
0    -1.185935
0    -1.171007
0    -1.194649
0    -1.189881
0    -1.184228
0    -1.185057
0    -1.188216
0    -1.190270
0    -1.180259
0    -1.189532
0    -1.180198
0    -1.184674
0    -1.172653
0    -1.174258
0    -1.177875
0    -1.183030
0    -1.193401
0    -1.189160
0    -1.179465
0    -1.143203
0    -1.148597
0    -1.169649
0    -1.175135
0    -1.183896
0    -1.193660
0    -1.172222
0    -1.144857
0    -1.161689
0    -1.154612
0    -1.162332
0    -1.155220
0    -1.163352
0    -1.174597
0    -1.170706
0    -1.172625
0    -1.180296
0    -1.184633
0    -1.185590
0    -1.184344
0    -1.187596
0    -1.191514
0    -1.196004
0    -1.192616
0    -1.197664
0    -1.196574
0    -1.200610
0    -1.196653
0    -1.196271
0    -1.188857
0    -1.191177
0    -1.187878
0    -1.181850
0    -1.187685
0    -1.168710
0    -1.180913
0    -1.172897
0    -1.163593
0    -1.161720
0    -1.179131
0    -1.177247
0    -1.191926
0    -1.184026
0    -1.187600
0    -1.179692
0    -1.191297
0    -1.191051
0    -1.181051
0    -1.174723
0    -1.175967
0    -1.174003
0    -1.169176
0    -1.181441
0    -1.189363
0    -1.187677
0    -1.212782
0    -1.201914
0    -1.193352
0    -1.190907
0    -1.184428
0    -1.181878
0    -1.184742
0    -1.171841
0    -1.181888
0    -1.189610
0    -1.194635
0    -1.193721
0    -1.189775
0    -1.205962
0    -1.197831
0    -1.194325
0    -1.191488
0    -1.202947
0    -1.220962
0    -1.222113
0    -1.198372
0    -1.206689
0    -1.202554
0    -1.212058
0    -1.202745
0    -1.201225
0    -1.197465
0    -1.200628
0    -1.183553
0    -1.196827
0    -1.192240
0    -1.191314
0    -1.198911
0    -1.200268
0    -1.205005
0    -1.208757
0    -1.222096
0    -1.211037
0    -1.219767
0    -1.223466
0    -1.218563
0    -1.214974
0    -1.225304
0    -1.219962
0    -1.225289
0    -1.225973
0    -1.213659
0    -1.197099
0    -1.211336
0    -1.218521
0    -1.210083
0    -1.219500
0    -1.220699
0    -1.222551
0    -1.227179
0    -1.206994
0    -1.207757
0    -1.195731
0    -1.224929
0    -1.215753
0    -1.227787
0    -1.228331
0    -1.224697
0    -1.228538
0    -1.233106
0    -1.232254
0    -1.224189
0    -1.215916
0    -1.236459
0    -1.225985
0    -1.221931
0    -1.215131
0    -1.215178
0    -1.229974
0    -1.221976
0    -1.217493
0    -1.235399
0    -1.236645
0    -1.239311
0    -1.240790
0    -1.235285
0    -1.227593
0    -1.234096
0    -1.230288
0    -1.218321
0    -1.214050
0    -1.210389
0    -1.213369
0    -1.220908
0    -1.217416
0    -1.224032
0    -1.227073
0    -1.230471
0    -1.226136
0    -1.226922
0    -1.218944
0    -1.229564
0    -1.222192
0    -1.225551
0    -1.226442
0    -1.221132
0    -1.235531
0    -1.228979
0    -1.220484
0    -1.220362
0    -1.218786
0    -1.228099
0    -1.223088
0    -1.247634
0    -1.243157
0    -1.223730
0    -1.220547
0    -1.239799
0    -1.235149
0    -1.242851
0    -1.241813
0    -1.232129
0    -1.230648
0    -1.234925
0    -1.227105
0    -1.233864
0    -1.222260
0    -1.219334
0    -1.213833
0    -1.211015
0    -1.233278
0    -1.241639
0    -1.235516
0    -1.232558
0    -1.250034
0    -1.223465
0    -1.216581
0    -1.232151
0    -1.227255
0    -1.241642
0    -1.230016
0    -1.223718
0    -1.224399
0    -1.218713
0    -1.231905
0    -1.228009
0    -1.213493
0    -1.189539
0    -1.229982
0    -1.249722
0    -1.228983
0    -1.254259
0    -1.267961
0    -1.253905
0    -1.247484
0    -1.254459
0    -1.244897
0    -1.248518
0    -1.229549
0    -1.227050
0    -1.226601
0    -1.227083
0    -1.257779
0    -1.263579
0    -1.261967
0    -1.252640
0    -1.248563
0    -1.247212
0    -1.255213
0    -1.244270
0    -1.233869
0    -1.236934
0    -1.227259
0    -1.230029
0    -1.238976
0    -1.227683
0    -1.221941
0    -1.217293
0    -1.246334
0    -1.244098
0    -1.249745
0    -1.260010
0    -1.248601
0    -1.241847
0    -1.239845
0    -1.250203
0    -1.265538
0    -1.257678
0    -1.265406
0    -1.257890
0    -1.249874
0    -1.226684
0    -1.235418
0    -1.237555
0    -1.249190
0    -1.243579
0    -1.241153
0    -1.249772
0    -1.250159
0    -1.261077
0    -1.260746
0    -1.263714
0    -1.272429
0    -1.261108
0    -1.263299
0    -1.253099
0    -1.248462
0    -1.232257
0    -1.229578
0    -1.241487
0    -1.243278
0    -1.243443
0    -1.250964
0    -1.255943
0    -1.234524
0    -1.220820
0    -1.206342
0    -1.241473
0    -1.254832
0    -1.259910
0    -1.240832
0    -1.242477
0    -1.253928
0    -1.248300
0    -1.244521
0    -1.240681
0    -1.263614
0    -1.267199
0    -1.250861
0    -1.247619
0    -1.236579
0    -1.249344
0    -1.243944
0    -1.260767
0    -1.245251
0    -1.251641
0    -1.260237
0    -1.267494
0    -1.264564
0    -1.269269
0    -1.254757
0    -1.251808
0    -1.256967
0    -1.235416
0    -1.240479
0    -1.224311
0    -1.237538
0    -1.237944
0    -1.249800
0    -1.245218
0    -1.245015
0    -1.269822
0    -1.271928
0    -1.264828
0    -1.252816
0    -1.260705
0    -1.246524
0    -1.260864
0    -1.259502
0    -1.263835
0    -1.258423
0    -1.258263
0    -1.265768
0    -1.272014
0    -1.257334
0    -1.268347
0    -1.277250
0    -1.263239
0    -1.275570
0    -1.275727
0    -1.273430
0    -1.273639
0    -1.266719
0    -1.265042
0    -1.274836
0    -1.277190
0    -1.268207
0    -1.266671
0    -1.249511
0    -1.261789
0    -1.252046
0    -1.246542
0    -1.250315
0    -1.274901
0    -1.269984
0    -1.267884
0    -1.277578
0    -1.288504
0    -1.289918
0    -1.284444
0    -1.279687
0    -1.289177
0    -1.298876
0    -1.289560
0    -1.276357
0    -1.296211
0    -1.267663
0    -1.272920
0    -1.282840
0    -1.283523
0    -1.294817
0    -1.297372
0    -1.298573
0    -1.303202
0    -1.306216
0    -1.302049
0    -1.307336
0    -1.303405
0    -1.297270
0    -1.295643
0    -1.299017
0    -1.302170
0    -1.309554
0    -1.305576
0    -1.308917
0    -1.300004
0    -1.285921
0    -1.295848
0    -1.298799
0    -1.306115
0    -1.301612
0    -1.312552
0    -1.291812
0    -1.265888
0    -1.287136
0    -1.289117
0    -1.297198
0    -1.287063
0    -1.285415
0    -1.313689
0    -1.297380
0    -1.290139
0    -1.285601
0    -1.303948
0    -1.301045
0    -1.296819
0    -1.312724
0    -1.323469
0    -1.320286
0    -1.330796
0    -1.318717
0    -1.313773
0    -1.339100
0    -1.323046
0    -1.294655
0    -1.292300
0    -1.306740
0    -1.299685
0    -1.300965
0    -1.307374
0    -1.323184
0    -1.317858
0    -1.326695
0    -1.327387
0    -1.339468
0    -1.345337
0    -1.346584
0    -1.340018
0    -1.338147
0    -1.336385
0    -1.333581
0    -1.322498
0    -1.325106
0    -1.337526
0    -1.329262
0    -1.338652
0    -1.322645
0    -1.337063
0    -1.326082
0    -1.343690
0    -1.361341
0    -1.345695
0    -1.347123
0    -1.354534
0    -1.357917
0    -1.340562
0    -1.338037
0    -1.336791
0    -1.339640
0    -1.324332
0    -1.321873
0    -1.328196
0    -1.333486
0    -1.340073
0    -1.350001
0    -1.344527
0    -1.338801
0    -1.323495
0    -1.337578
0    -1.359351
0    -1.346454
0    -1.343644
0    -1.346210
0    -1.355059
0    -1.354746
0    -1.361048
0    -1.353843
0    -1.345656
0    -1.342464
0    -1.342742
0    -1.351391
0    -1.362115
0    -1.338904
0    -1.337960
0    -1.332289
0    -1.342604
0    -1.326428
0    -1.332717
0    -1.331690
0    -1.349960
0    -1.360323
0    -1.366433
0    -1.350962
0    -1.346197
0    -1.360997
0    -1.343118
0    -1.352320
0    -1.371115
0    -1.352457
0    -1.356099
0    -1.339288
0    -1.357912
0    -1.358401
0    -1.353539
0    -1.365555
0    -1.364003
0    -1.372075
0    -1.343863
0    -1.356804
0    -1.350582
0    -1.352925
0    -1.357152
0    -1.353915
0    -1.346901
0    -1.357506
0    -1.354128
0    -1.363722
0    -1.364058
0    -1.368550
0    -1.364645
0    -1.359929
0    -1.358770
0    -1.343651
0    -1.345872
0    -1.358668
0    -1.365592
0    -1.374695
0    -1.373142
0    -1.371104
0    -1.367947
0    -1.374849
0    -1.366895
0    -1.357819
0    -1.333482
0    -1.339798
0    -1.340800
0    -1.357738
0    -1.358549
0    -1.360886
0    -1.359863
0    -1.357298
0    -1.362522
0    -1.362500
0    -1.361377
0    -1.350464
0    -1.353339
0    -1.360022
0    -1.355634
0    -1.356091
0    -1.367855
0    -1.362623
0    -1.357118
0    -1.358153
0    -1.354509
0    -1.349237
0    -1.340388
0    -1.352945
0    -1.357901
0    -1.356876
0    -1.349332
0    -1.353935
0    -1.359280
0    -1.367125
0    -1.360374
0    -1.355739
0    -1.354720
0    -1.355189
0    -1.363237
0    -1.364395
0    -1.352290
0    -1.353965
0    -1.334978
0    -1.340504
0    -1.318431
0    -1.336409
0    -1.344771
0    -1.354133
0    -1.359307
0    -1.355082
0    -1.370470
0    -1.359265
0    -1.376103
0    -1.375023
0    -1.374547
0    -1.371597
0    -1.364832
0    -1.377282
0    -1.366077
0    -1.351250
0    -1.352644
0    -1.355093
0    -1.372207
0    -1.378913
0    -1.387203
0    -1.375295
0    -1.372551
0    -1.377970
0    -1.383783
0    -1.386305
0    -1.393433
0    -1.364504
0    -1.365120
0    -1.369977
0    -1.350250
0    -1.339523
0    -1.344366
0    -1.338260
0    -1.351294
0    -1.342768
0    -1.359987
0    -1.362330
0    -1.355136
0    -1.358936
0    -1.355025
0    -1.368478
0    -1.357210
0    -1.364182
0    -1.368112
0    -1.372590
0    -1.368326
0    -1.368621
0    -1.354725
0    -1.353991
0    -1.364246
0    -1.355145
0    -1.361055
0    -1.369404
0    -1.360915
0    -1.363817
0    -1.371222
0    -1.373584
0    -1.353201
0    -1.355816
0    -1.364532
0    -1.376149
0    -1.380532
0    -1.368522
0    -1.357806
0    -1.362299
0    -1.350732
0    -1.350748
0    -1.354959
0    -1.347586
0    -1.361299
0    -1.373772
0    -1.370005
0    -1.367080
0    -1.371985
0    -1.366006
0    -1.340149
0    -1.339252
0    -1.350662
0    -1.363498
0    -1.352047
0    -1.360126
0    -1.359234
0    -1.373722
0    -1.378815
0    -1.366990
0    -1.372654
0    -1.373083
0    -1.370384
0    -1.369676
0    -1.370063
0    -1.382230
0    -1.370147
0    -1.369483
0    -1.373993
0    -1.364557
0    -1.367864
0    -1.369295
0    -1.366413
0    -1.377948
0    -1.362699
0    -1.373099
0    -1.378284
0    -1.375639
0    -1.368575
0    -1.347249
0    -1.366085
0    -1.378077
0    -1.376823
0    -1.369565
0    -1.363958
0    -1.367253
0    -1.375568
0    -1.358006
0    -1.369074
0    -1.380066
0    -1.374434
0    -1.365935
0    -1.347814
0    -1.341567
0    -1.373173
0    -1.369136
0    -1.360629
0    -1.367922
0    -1.367132
0    -1.365154
0    -1.356646
0    -1.371542
0    -1.374901
0    -1.370301
0    -1.355993
0    -1.372816
0    -1.364056
0    -1.361030
0    -1.373332
0    -1.350887
0    -1.354396
0    -1.366214
0    -1.382085
0    -1.386543
0    -1.379935
0    -1.383618
0    -1.374066
0    -1.373370
0    -1.366439
0    -1.380537
0    -1.373784
0    -1.368065
0    -1.385422
0    -1.384603
0    -1.389387
0    -1.383626
0    -1.376264
0    -1.379417
0    -1.380297
0    -1.366732
0    -1.358764
0    -1.363538
0    -1.361748
0    -1.375882
0    -1.391800
0    -1.364081
0    -1.368279
0    -1.370494
0    -1.366167
0    -1.367376
0    -1.372937
0    -1.359812
0    -1.384528
0    -1.370491
0    -1.369970
0    -1.345538
0    -1.352133
0    -1.365052
0    -1.376671
0    -1.382592
0    -1.375912
0    -1.377967
0    -1.387628
0    -1.381037
0    -1.379611
0    -1.373285
0    -1.372891
0    -1.370659
0    -1.369231
0    -1.366560
0    -1.370769
0    -1.358101
0    -1.381568
0    -1.382212
0    -1.363069
0    -1.370662
0    -1.379267
0    -1.373318
0    -1.358606
0    -1.363279
0    -1.351030
0    -1.362848
0    -1.355688
0    -1.362276
0    -1.357407
0    -1.373254
0    -1.368101
0    -1.374995
0    -1.377051
0    -1.382770
0    -1.380603
0    -1.369801
0    -1.372796
0    -1.358580
0    -1.344243
0    -1.374041
0    -1.380291
0    -1.386257
0    -1.374905
0    -1.382478
0    -1.367256
0    -1.360666
0    -1.364738
0    -1.352805
0    -1.357329
0    -1.346098
0    -1.365903
0    -1.359437
0    -1.372440
0    -1.371115
0    -1.369756
0    -1.371626
0    -1.372757
0    -1.384634
0    -1.394213
0    -1.388052
0    -1.379833
0    -1.387057
0    -1.378554
0    -1.388532
0    -1.400356
0    -1.385683
0    -1.391200
0    -1.375960
0    -1.384528
0    -1.387255
0    -1.389462
0    -1.400773
0    -1.402894
0    -1.388538
0    -1.386771
0    -1.389103
0    -1.402174
0    -1.388195
0    -1.392500
0    -1.398403
0    -1.386371
0    -1.376688
0    -1.376214
0    -1.388546
0    -1.398361
0    -1.375498
0    -1.369403
0    -1.373171
0    -1.372017
0    -1.360051
0    -1.358968
0    -1.359756
0    -1.367703
0    -1.370863
0    -1.373660
0    -1.388152
0    -1.384715
0    -1.357664
0    -1.373351
0    -1.372334
0    -1.352170
0    -1.373805
0    -1.400353
0    -1.393774
0    -1.403600
0    -1.394774
0    -1.378763
0    -1.388513
0    -1.383212
0    -1.376224
0    -1.381063
0    -1.409051
0    -1.412454
0    -1.404579
0    -1.405228
0    -1.412955
0    -1.405468
0    -1.388685
0    -1.386204
0    -1.388688
0    -1.384730
0    -1.380348
0    -1.387310
0    -1.392691
0    -1.403790
0    -1.416733
0    -1.402996
0    -1.414288
0    -1.420683
0    -1.421190
0    -1.431809
0    -1.434153
0    -1.425204
0    -1.424081
0    -1.429331
0    -1.421308
0    -1.418586
0    -1.424618
0    -1.430358
0    -1.419123
0    -1.427946
0    -1.413734
0    -1.402420
0    -1.417721
0    -1.418856
0    -1.404016
0    -1.404840
0    -1.420676
0    -1.417862
0    -1.422416
0    -1.428010
0    -1.401503
0    -1.405436
0    -1.403489
0    -1.392221
0    -1.391845
0    -1.390915
0    -1.401506
0    -1.402901
0    -1.406542
0    -1.407181
0    -1.424946
0    -1.413509
0    -1.400655
0    -1.399318
0    -1.403034
0    -1.411458
0    -1.424173
0    -1.418062
0    -1.406383
0    -1.413956
0    -1.405713
0    -1.411309
0    -1.402687
0    -1.394366
0    -1.393579
0    -1.392835
0    -1.407514
0    -1.404747
0    -1.405557
0    -1.398125
0    -1.406988
0    -1.399593
0    -1.413446
0    -1.404892
0    -1.410859
0    -1.389288
0    -1.407079
0    -1.405188
0    -1.409790
0    -1.411813
0    -1.418665
0    -1.410967
0    -1.411080
0    -1.412882
0    -1.413720
0    -1.417184
0    -1.430631
0    -1.427865
0    -1.442855
0    -1.440658
0    -1.434135
0    -1.427818
0    -1.410682
0    -1.417232
0    -1.433268
0    -1.436981
0    -1.433052
0    -1.433585
0    -1.433054
0    -1.429163
0    -1.422422
0    -1.430101
0    -1.419689
0    -1.418296
0    -1.423660
0    -1.425304
0    -1.421658
0    -1.421217
0    -1.418667
0    -1.422505
0    -1.439994
0    -1.427915
0    -1.420876
0    -1.413820
0    -1.398132
0    -1.403946
0    -1.442850
0    -1.432095
0    -1.458101
0    -1.450927
0    -1.455413
0    -1.461556
0    -1.456655
0    -1.456625
0    -1.454904
0    -1.454673
0    -1.465452
0    -1.461381
0    -1.463916
0    -1.456793
0    -1.451089
0    -1.446029
0    -1.456132
0    -1.442559
0    -1.453039
0    -1.467990
0    -1.464634
0    -1.461139
0    -1.453342
0    -1.474616
0    -1.473887
0    -1.472491
0    -1.470479
0    -1.455368
0    -1.459786
0    -1.458760
0    -1.462587
0    -1.463065
0    -1.465023
0    -1.451166
0    -1.466614
0    -1.458593
0    -1.456375
0    -1.458166
0    -1.448536
0    -1.459620
0    -1.465100
0    -1.468301
0    -1.479815
0    -1.470235
0    -1.481976
0    -1.449620
0    -1.466313
0    -1.476468
0    -1.463628
0    -1.470805
0    -1.465889
0    -1.470475
0    -1.466978
0    -1.463691
0    -1.445926
0    -1.453644
0    -1.478696
0    -1.490310
0    -1.475881
0    -1.477303
0    -1.481898
0    -1.480188
0    -1.497602
0    -1.505455
0    -1.494715
0    -1.490877
0    -1.495041
0    -1.473026
0    -1.456934
0    -1.465493
0    -1.497342
0    -1.493625
0    -1.493395
0    -1.507828
0    -1.479642
0    -1.485269
0    -1.485702
0    -1.473875
0    -1.478654
0    -1.481912
0    -1.489580
0    -1.472137
0    -1.474170
0    -1.480555
0    -1.468250
0    -1.483052
0    -1.481777
0    -1.481084
0    -1.481604
0    -1.486672
0    -1.485896
0    -1.482412
0    -1.483231
0    -1.482159
0    -1.480100
0    -1.475468
0    -1.471016
0    -1.466393
0    -1.473208
0    -1.471010
0    -1.473367
0    -1.478414
0    -1.477897
0    -1.479926
0    -1.486234
0    -1.479357
0    -1.467200
0    -1.460616
0    -1.459006
0    -1.475301
0    -1.475486
0    -1.466233
0    -1.474287
0    -1.462155
0    -1.475961
0    -1.474591
0    -1.484523
0    -1.478228
0    -1.486502
0    -1.486537
0    -1.483123
0    -1.470381
0    -1.478805
0    -1.478389
0    -1.447630
0    -1.473682
0    -1.490107
0    -1.493548
0    -1.507396
0    -1.496609
0    -1.488950
0    -1.496800
0    -1.498224
0    -1.504669
0    -1.486311
0    -1.485401
0    -1.488383
0    -1.481659
0    -1.505864
0    -1.495119
0    -1.478996
0    -1.485651
0    -1.509492
0    -1.504737
0    -1.499881
0    -1.509633
0    -1.500982
0    -1.501926
0    -1.508890
0    -1.508980
0    -1.508459
0    -1.496654
0    -1.509548
0    -1.508342
0    -1.512377
0    -1.488241
0    -1.521749
0    -1.504180
0    -1.514163
0    -1.521468
0    -1.520566
0    -1.501607
0    -1.505516
0    -1.514833
0    -1.506019
0    -1.517974
0    -1.516052
0    -1.515664
0    -1.511755
0    -1.523727
0    -1.522850
0    -1.516951
0    -1.514525
0    -1.510947
0    -1.510423
0    -1.518585
0    -1.508417
0    -1.516932
0    -1.508198
0    -1.518759
0    -1.525759
0    -1.515840
0    -1.508698
0    -1.509436
0    -1.517111
0    -1.518999
0    -1.510421
0    -1.509178
0    -1.513478
0    -1.515425
0    -1.517271
0    -1.506569
0    -1.498531
0    -1.492319
0    -1.509790
0    -1.512747
0    -1.515571
0    -1.529056
0    -1.556180
0    -1.535865
0    -1.531706
0    -1.532328
0    -1.525324
0    -1.516376
0    -1.514989
0    -1.532773
0    -1.537833
0    -1.547979
0    -1.550706
0    -1.552557
0    -1.545871
0    -1.559783
0    -1.549694
0    -1.524172
0    -1.518044
0    -1.515109
0    -1.514081
0    -1.515526
0    -1.514796
0    -1.515795
0    -1.507933
0    -1.511124
0    -1.522980
0    -1.543418
0    -1.535335
0    -1.535001
0    -1.521909
0    -1.515364
0    -1.518907
0    -1.542049
0    -1.544781
0    -1.537517
0    -1.539117
0    -1.544284
0    -1.539017
0    -1.544886
0    -1.534749
0    -1.536707
0    -1.548976
0    -1.541176
0    -1.535801
0    -1.536016
0    -1.527002
0    -1.538328
0    -1.525129
0    -1.530988
0    -1.527730
0    -1.530051
0    -1.523867
0    -1.535843
0    -1.537132
0    -1.538015
0    -1.538547
0    -1.529443
0    -1.532516
0    -1.520393
0    -1.532420
0    -1.533974
0    -1.520263
0    -1.525533
0    -1.527964
0    -1.539100
0    -1.544111
0    -1.549593
0    -1.549190
0    -1.546149
0    -1.547019
0    -1.556020
0    -1.560312
0    -1.550474
0    -1.554809
0    -1.551513
0    -1.547133
0    -1.553452
0    -1.553358
0    -1.547385
0    -1.553323
0    -1.559700
0    -1.546679
0    -1.544337
0    -1.551250
0    -1.563454
0    -1.546620
0    -1.546340
0    -1.543607
0    -1.544896
0    -1.539886
0    -1.556860
0    -1.547082
0    -1.553344
0    -1.549040
0    -1.563478
0    -1.557297
0    -1.556111
0    -1.556285
0    -1.560095
0    -1.561846
0    -1.551175
0    -1.545531
0    -1.552502
0    -1.556816
0    -1.556141
0    -1.561404
0    -1.567107
0    -1.559876
0    -1.564843
0    -1.567949
0    -1.570903
0    -1.564768
0    -1.567822
0    -1.571202
0    -1.565698
0    -1.563011
0    -1.558486
0    -1.534211
0    -1.540323
0    -1.535863
0    -1.551806
0    -1.571279
0    -1.558373
0    -1.556862
0    -1.570921
0    -1.578876
0    -1.587034
0    -1.575496
0    -1.569862
0    -1.579219
0    -1.570623
0    -1.559046
0    -1.563155
0    -1.556422
0    -1.553077
0    -1.565124
0    -1.561933
0    -1.565381
0    -1.559136
0    -1.567787
0    -1.573102
0    -1.581885
0    -1.571573
0    -1.572030
0    -1.574703
0    -1.550735
0    -1.564350
0    -1.568185
0    -1.580637
0    -1.572478
0    -1.581210
0    -1.577081
0    -1.576983
0    -1.572516
0    -1.582454
0    -1.572286
0    -1.581349
0    -1.558410
0    -1.554751
0    -1.578792
0    -1.564357
0    -1.566387
0    -1.556266
0    -1.560911
0    -1.561312
0    -1.564104
0    -1.560603
0    -1.576203
0    -1.572295
0    -1.568799
0    -1.552631
0    -1.544941
0    -1.564855
0    -1.562349
0    -1.570173
0    -1.566387
0    -1.569734
0    -1.589826
0    -1.589090
0    -1.584304
0    -1.576801
0    -1.571486
0    -1.572713
0    -1.572415
0    -1.584332
0    -1.568850
0    -1.571413
0    -1.576377
0    -1.568283
0    -1.559989
0    -1.574042
0    -1.551285
0    -1.564584
0    -1.572962
0    -1.565379
0    -1.559760
0    -1.565047
0    -1.568139
0    -1.577214
0    -1.576708
0    -1.586884
0    -1.583013
0    -1.575368
0    -1.581592
0    -1.579898
0    -1.582893
0    -1.578159
0    -1.576281
0    -1.560472
0    -1.570382
0    -1.564803
0    -1.581000
0    -1.573139
0    -1.576593
0    -1.581851
0    -1.579679
0    -1.567863
0    -1.568551
0    -1.574392
0    -1.590650
0    -1.577392
0    -1.576020
0    -1.593802
0    -1.581768
0    -1.585347
0    -1.584313
0    -1.589509
0    -1.590856
0    -1.580802
0    -1.584024
0    -1.587035
0    -1.585552
0    -1.573350
0    -1.583196
0    -1.578982
0    -1.579669
0    -1.582632
0    -1.568220
0    -1.591083
0    -1.585624
0    -1.589081
0    -1.581838
0    -1.559687
0    -1.569436
0    -1.565120
0    -1.573942
0    -1.579173
0    -1.583869
0    -1.582019
0    -1.590261
0    -1.592635
0    -1.595116
0    -1.588921
0    -1.589315
0    -1.587223
0    -1.583377
0    -1.585339
0    -1.592851
0    -1.571461
0    -1.583152
0    -1.592972
0    -1.599084
0    -1.599499
0    -1.606192
0    -1.597181
0    -1.593779
0    -1.609423
0    -1.598581
0    -1.585414
0    -1.586775
0    -1.589841
0    -1.599918
0    -1.607325
0    -1.595007
0    -1.607003
0    -1.603994
0    -1.599395
0    -1.601253
0    -1.592416
0    -1.599539
0    -1.600156
0    -1.610964
0    -1.617170
0    -1.615506
0    -1.620412
0    -1.611535
0    -1.610027
0    -1.600480
0    -1.613230
0    -1.618216
0    -1.617696
0    -1.614402
0    -1.620868
0    -1.611070
0    -1.616867
0    -1.618149
0    -1.635660
0    -1.622148
0    -1.618012
0    -1.621800
0    -1.610598
0    -1.622710
0    -1.612240
0    -1.617420
0    -1.596952
0    -1.613185
0    -1.622255
0    -1.618325
0    -1.612748
0    -1.620722
0    -1.625039
0    -1.631766
0    -1.609483
0    -1.604113
0    -1.604588
0    -1.627086
0    -1.620131
0    -1.627619
0    -1.630407
0    -1.626924
0    -1.636371
0    -1.621654
0    -1.623173
0    -1.621104
0    -1.622269
0    -1.616442
0    -1.620463
0    -1.632036
0    -1.626557
0    -1.644096
0    -1.641065
0    -1.630539
0    -1.611724
0    -1.598848
0    -1.621714
0    -1.622933
0    -1.621563
0    -1.618880
0    -1.627427
0    -1.619941
0    -1.637177
0    -1.637998
0    -1.638102
0    -1.640372
0    -1.630194
0    -1.616384
0    -1.626297
0    -1.636696
0    -1.631047
0    -1.630819
0    -1.631202
0    -1.617878
0    -1.634149
0    -1.652929
0    -1.650616
0    -1.645217
0    -1.648634
0    -1.647797
0    -1.640545
0    -1.638556
0    -1.630515
0    -1.628961
0    -1.640125
0    -1.643887
0    -1.636209
0    -1.647927
0    -1.657652
0    -1.654119
0    -1.663587
0    -1.651683
0    -1.656489
0    -1.650854
0    -1.646776
0    -1.638574
0    -1.628743
0    -1.637545
0    -1.638938
0    -1.637347
0    -1.649982
0    -1.652653
0    -1.650333
0    -1.648670
0    -1.657127
0    -1.671324
0    -1.663030
0    -1.671220
0    -1.662319
0    -1.664531
0    -1.672603
0    -1.660481
0    -1.669746
0    -1.664162
0    -1.650125
0    -1.659122
0    -1.658345
0    -1.661810
0    -1.683917
0    -1.667477
0    -1.662689
0    -1.672788
0    -1.668039
0    -1.667927
0    -1.676465
0    -1.679841
0    -1.674426
0    -1.677469
0    -1.672062
0    -1.668020
0    -1.667405
0    -1.659169
0    -1.679962
0    -1.671435
0    -1.681596
0    -1.674318
0    -1.680058
0    -1.671026
0    -1.683172
0    -1.679377
0    -1.684099
0    -1.685351
0    -1.662397
0    -1.670407
0    -1.676346
0    -1.662474
0    -1.654680
0    -1.652183
0    -1.664100
0    -1.663797
0    -1.661425
0    -1.675060
0    -1.673858
0    -1.667256
0    -1.662007
0    -1.670092
0    -1.665299
0    -1.669530
0    -1.660142
0    -1.662117
0    -1.661255
0    -1.664682
0    -1.658743
0    -1.655411
0    -1.660925
0    -1.658521
0    -1.664783
0    -1.678592
0    -1.655701
0    -1.658066
0    -1.649193
0    -1.658349
0    -1.666865
0    -1.651152
0    -1.650853
0    -1.664092
0    -1.658363
0    -1.671805
0    -1.667252
0    -1.640426
0    -1.655402
0    -1.647803
0    -1.681869
0    -1.675925
0    -1.673361
0    -1.683044
0    -1.673247
0    -1.667123
0    -1.684432
0    -1.681749
0    -1.689255
0    -1.687023
0    -1.685104
0    -1.698867
0    -1.685853
0    -1.680119
0    -1.696841
0    -1.682481
0    -1.657274
0    -1.693208
0    -1.692225
0    -1.684153
0    -1.684324
0    -1.689327
0    -1.677266
0    -1.677564
0    -1.678623
0    -1.668593
0    -1.662188
0    -1.662413
0    -1.645678
0    -1.654716
0    -1.680850
0    -1.679685
0    -1.681283
0    -1.650620
0    -1.654481
0    -1.640335
0    -1.654867
0    -1.678868
0    -1.668208
0    -1.682736
0    -1.674647
0    -1.696966
0    -1.695727
0    -1.708450
0    -1.703154
0    -1.692881
0    -1.689314
0    -1.684317
0    -1.676415
0    -1.662212
0    -1.679567
0    -1.675268
0    -1.656775
0    -1.670992
0    -1.682608
0    -1.689366
0    -1.679093
0    -1.672442
0    -1.678638
0    -1.685308
0    -1.677929
0    -1.676263
0    -1.686131
0    -1.680801
0    -1.680185
0    -1.684210
0    -1.688545
0    -1.691274
0    -1.688509
0    -1.669416
0    -1.653657
0    -1.670271
0    -1.674555
0    -1.669173
0    -1.681433
0    -1.679289
0    -1.671393
0    -1.676406
0    -1.667890
0    -1.679483
0    -1.670280
0    -1.683248
0    -1.677068
0    -1.661289
0    -1.678232
0    -1.676797
0    -1.661489
0    -1.681025
0    -1.671438
0    -1.667459
0    -1.682085
0    -1.674224
0    -1.671779
0    -1.658776
0    -1.676105
0    -1.675089
0    -1.680301
0    -1.682670
0    -1.685765
0    -1.679136
0    -1.677734
0    -1.673104
0    -1.672905
0    -1.683936
0    -1.673301
0    -1.669481
0    -1.684107
0    -1.664229
0    -1.665004
0    -1.671456
0    -1.677937
0    -1.661226
0    -1.670816
0    -1.688797
0    -1.673958
0    -1.661751
0    -1.682836
0    -1.678829
0    -1.672317
0    -1.667728
0    -1.665592
0    -1.667442
0    -1.659766
0    -1.674868
0    -1.677627
0    -1.677442
0    -1.675986
0    -1.688710
0    -1.692531
0    -1.691867
0    -1.701396
0    -1.703440
0    -1.698347
0    -1.702378
0    -1.696818
0    -1.689740
0    -1.693267
0    -1.678127
0    -1.681258
0    -1.682624
0    -1.682164
0    -1.668489
0    -1.671368
0    -1.673292
0    -1.673565
0    -1.664858
0    -1.661502
0    -1.657846
0    -1.669210
0    -1.677181
0    -1.671464
0    -1.658914
0    -1.662220
0    -1.658079
0    -1.664210
0    -1.656230
0    -1.664178
0    -1.665557
0    -1.672581
0    -1.690838
0    -1.691829
0    -1.690376
0    -1.683812
0    -1.666588
0    -1.690574
0    -1.679631
0    -1.689794
0    -1.697217
0    -1.691769
0    -1.698182
0    -1.695550
0    -1.683534
0    -1.688882
0    -1.694124
0    -1.696718
0    -1.685432
0    -1.668440
0    -1.665174
0    -1.671232
0    -1.682589
0    -1.678152
0    -1.690985
0    -1.688314
0    -1.686885
0    -1.690941
0    -1.703905
0    -1.694679
0    -1.697863
0    -1.691133
0    -1.690986
0    -1.686777
0    -1.683024
0    -1.692144
0    -1.697129
0    -1.688715
0    -1.674771
0    -1.661325
0    -1.700163
0    -1.683884
0    -1.696304
0    -1.715251
0    -1.717914
0    -1.703650
0    -1.704083
0    -1.713497
0    -1.714059
0    -1.718366
0    -1.715647
0    -1.720025
0    -1.712137
0    -1.690975
0    -1.708506
0    -1.693742
0    -1.684848
0    -1.672280
0    -1.695739
0    -1.684258
0    -1.697032
0    -1.691166
0    -1.695003
0    -1.696253
0    -1.687490
0    -1.685528
0    -1.700981
0    -1.694197
0    -1.690837
0    -1.677545
0    -1.685173
0    -1.672338
0    -1.696031
0    -1.693380
0    -1.677286
0    -1.697047
0    -1.696011
0    -1.700093
0    -1.703812
0    -1.688761
0    -1.698093
0    -1.701871
0    -1.701920
0    -1.701214
0    -1.707160
0    -1.695570
0    -1.707088
0    -1.693538
0    -1.699966
0    -1.680797
0    -1.692390
0    -1.702077
0    -1.709471
0    -1.709623
0    -1.703264
0    -1.689475
0    -1.698556
0    -1.694407
0    -1.704001
0    -1.690976
0    -1.696523
0    -1.700286
0    -1.714293
0    -1.697353
0    -1.696005
0    -1.701868
0    -1.697209
0    -1.714612
0    -1.687921
0    -1.673325
0    -1.678030
0    -1.681264
0    -1.681388
0    -1.682549
0    -1.685426
0    -1.676109
0    -1.683401
0    -1.684530
0    -1.689376
0    -1.672528
0    -1.690796
0    -1.691334
0    -1.693908
0    -1.675135
0    -1.684229
0    -1.689198
0    -1.688283
0    -1.695894
0    -1.686871
0    -1.704499
0    -1.692510
0    -1.703381
0    -1.679242
0    -1.690537
0    -1.690064
0    -1.691948
0    -1.689211
0    -1.693481
0    -1.697122
0    -1.694843
0    -1.693666
0    -1.702580
0    -1.706616
0    -1.708061
0    -1.705625
0    -1.703290
0    -1.685238
0    -1.682039
0    -1.699233
0    -1.692570
0    -1.700738
0    -1.694885
0    -1.703128
0    -1.697432
0    -1.685486
0    -1.692052
0    -1.701933
0    -1.682843
0    -1.694346
0    -1.681948
0    -1.696271
0    -1.685407
0    -1.689914
0    -1.698393
0    -1.689183
0    -1.691292
0    -1.696442
0    -1.700153
0    -1.685667
0    -1.711664
0    -1.688625
0    -1.673807
0    -1.696520
0    -1.700402
0    -1.704831
0    -1.704126
0    -1.697478
0    -1.693358
0    -1.703720
0    -1.704713
0    -1.708837
0    -1.706610
0    -1.690875
0    -1.690264
0    -1.703964
0    -1.716830
0    -1.709794
0    -1.700957
0    -1.697718
0    -1.709129
0    -1.709314
0    -1.712609
0    -1.695849
0    -1.708882
0    -1.703770
0    -1.703771
0    -1.709189
0    -1.708955
0    -1.705413
0    -1.696226
0    -1.695079
0    -1.701413
0    -1.683480
0    -1.687799
0    -1.713142
0    -1.715772
0    -1.714421
0    -1.695730
0    -1.720751
0    -1.719729
0    -1.725856
0    -1.712461
0    -1.718226
0    -1.720556
0    -1.722411
0    -1.711706
0    -1.716769
0    -1.702086
0    -1.704006
0    -1.703403
0    -1.715848
0    -1.720360
0    -1.720855
0    -1.724230
0    -1.705704
0    -1.699841
0    -1.708096
0    -1.705163
0    -1.698870
0    -1.689701
0    -1.690170
0    -1.690425
0    -1.689380
0    -1.701639
0    -1.709372
0    -1.705013
0    -1.694167
0    -1.695173
0    -1.697574
0    -1.688343
0    -1.694979
0    -1.698419
0    -1.697721
0    -1.704605
0    -1.706440
0    -1.688247
0    -1.658966
